Individual Recognition (Yes/No 비율) 종합 분석
================================================================================
분석 시간: 2025-05-28 15:53:45

모델           Yes 평균               Yes 표준편차     No 평균                No 표준편차     
================================================================================
Qwen         0.902643 (90.26%)     0.061225    0.097357 (9.74%)     0.061225
Xsum         0.900243 (90.02%)     0.045930    0.099757 (9.98%)     0.045930
Deepseek     0.896431 (89.64%)     0.048857    0.103569 (10.36%)     0.048857
Llama        0.895771 (89.58%)     0.043157    0.104229 (10.42%)     0.043157
Gemini       0.908755 (90.88%)     0.041712    0.091245 (9.12%)     0.041712
================================================================================

모델 순위 (Yes 인식률 기준):
1. Gemini: 90.88%
2. Qwen: 90.26%
3. Xsum: 90.02%
4. Deepseek: 89.64%
5. Llama: 89.58%

마크다운 표 형태:
| 모델 | Yes 평균 | Yes 표준편차 | No 평균 | No 표준편차 |
|------|----------|-------------|---------|------------|
| Gemini | 0.908755 (90.88%) | 0.041712 | 0.091245 (9.12%) | 0.041712 |
| Qwen | 0.902643 (90.26%) | 0.061225 | 0.097357 (9.74%) | 0.061225 |
| Xsum | 0.900243 (90.02%) | 0.045930 | 0.099757 (9.98%) | 0.045930 |
| Deepseek | 0.896431 (89.64%) | 0.048857 | 0.103569 (10.36%) | 0.048857 |
| Llama | 0.895771 (89.58%) | 0.043157 | 0.104229 (10.42%) | 0.043157 |
